17??9??0	1	93.5	-204.8	-204.8	-204.8	-204.8	27.2	-204.8	-204.8
17??9??0	1	92.9	-204.8	-204.8	-204.8	-204.8	27.2	-204.8	-204.8
17??9??1	1	92.4	-204.8	-204.8	-204.8	-204.8	27.2	-204.8	-204.8
17??9??1	1	91.8	-204.8	-204.8	-204.8	-204.8	27.2	-204.8	-204.8
17??9??1	1	91.3	-204.8	-204.8	-204.8	-204.8	27.2	-204.8	-204.8
17??9??1	1	90.7	-204.8	-204.8	-204.8	-204.8	27.2	-204.8	-204.8
17??9??1	1	90.2	-204.8	-204.8	-204.8	-204.8	27.2	-204.8	-204.8
17??9??1	1	89.6	-204.8	-204.8	-204.8	-204.8	27.3	-204.8	-204.8
17??9??1	1	88.5	-204.8	-204.8	-204.8	-204.8	27.3	-204.8	-204.8
17??9??1	1	88	-204.8	-204.8	-204.8	-204.8	27.3	-204.8	-204.8
17??9??1	1	87.5	-204.8	-204.8	-204.8	-204.8	27.3	-204.8	-204.8
17??9??1	1	87	-204.8	-204.8	-204.8	-204.8	27.3	-204.8	-204.8
17??9??2	1	86.4	-204.8	-204.8	-204.8	-204.8	27.3	-204.8	-204.8
17??9??2	1	85.9	-204.8	-204.8	-204.8	-204.8	27.3	-204.8	-204.8
17??9??2	1	85.4	-204.8	-204.8	-204.8	-204.8	27.3	-204.8	-204.8
17??9??2	1	84.4	-204.8	-204.8	-204.8	-204.8	27.3	-204.8	-204.8
17??9??2	1	83.9	-204.8	-204.8	-204.8	-204.8	27.3	-204.8	-204.8
17??9??2	1	83.4	-204.8	-204.8	-204.8	-204.8	27.3	-204.8	-204.8
17??9??2	1	82.9	-204.8	-204.8	-204.8	-204.8	27.3	-204.8	-204.8
17??9??2	1	82.4	-204.8	-204.8	-204.8	-204.8	27.3	-204.8	-204.8
17??9??2	1	81.9	-204.8	-204.8	-204.8	-204.8	27.3	-204.8	-204.8
17??9??3	1	81.4	-204.8	-204.8	-204.8	-204.8	27.3	-204.8	-204.8
17??9??3	1	80.4	-204.8	-204.8	-204.8	-204.8	27.3	-204.8	-204.8
17??9??3	1	79.9	-204.8	-204.8	-204.8	-204.8	27.3	-204.8	-204.8
17??9??3	1	79.4	-204.8	-204.8	-204.8	-204.8	27.3	-204.8	-204.8
17??9??3	1	78.9	-204.8	-204.8	-204.8	-204.8	27.3	-204.8	-204.8
17??9??3	1	78.5	-204.8	-204.8	-204.8	-204.8	27.3	-204.8	-204.8
17??9??3	1	78	-204.8	-204.8	-204.8	-204.8	27.3	-204.8	-204.8
17??9??3	1	77.6	-204.8	-204.8	-204.8	-204.8	27.3	-204.8	-204.8
17??9??3	1	77.1	-204.8	-204.8	-204.8	-204.8	27.3	-204.8	-204.8
17??9??4	1	76.2	-204.8	-204.8	-204.8	-204.8	27.4	-204.8	-204.8
17??9??4	1	75.8	-204.8	-204.8	-204.8	-204.8	27.4	-204.8	-204.8
17??9??4	1	75.4	-204.8	-204.8	-204.8	-204.8	27.4	-204.8	-204.8
17??9??4	1	75	-204.8	-204.8	-204.8	-204.8	27.4	-204.8	-204.8
17??9??4	1	74.6	-204.8	-204.8	-204.8	-204.8	27.4	-204.8	-204.8
17??9??4	1	74.2	-204.8	-204.8	-204.8	-204.8	27.4	-204.8	-204.8
17??9??4	1	73.8	-204.8	-204.8	-204.8	-204.8	27.4	-204.8	-204.8
17??9??4	1	73.7	-204.8	-204.8	-204.8	-204.8	27.4	-204.8	-204.8
17??9??4	1	73.8	-204.8	-204.8	-204.8	-204.8	27.4	-204.8	-204.8
17??9??5	1	74	-204.8	-204.8	-204.8	-204.8	27.4	-204.8	-204.8
17??9??5	1	74.2	-204.8	-204.8	-204.8	-204.8	27.4	-204.8	-204.8
17??9??5	1	74.5	-204.8	-204.8	-204.8	-204.8	27.4	-204.8	-204.8
17??9??5	1	74.8	-204.8	-204.8	-204.8	-204.8	27.4	-204.8	-204.8
17??9??5	1	75.1	-204.8	-204.8	-204.8	-204.8	27.4	-204.8	-204.8
17??9??5	1	75.9	-204.8	-204.8	-204.8	-204.8	27.4	-204.8	-204.8
17??9??5	1	76.4	-204.8	-204.8	-204.8	-204.8	27.4	-204.8	-204.8
17??9??5	1	76.9	-204.8	-204.8	-204.8	-204.8	27.4	-204.8	-204.8
17??9??5	1	77.3	-204.8	-204.8	-204.8	-204.8	27.5	-204.8	-204.8
17??9??5	1	77.8	-204.8	-204.8	-204.8	-204.8	27.5	-204.8	-204.8
17??0??0	1	78.3	-204.8	-204.8	-204.8	-204.8	27.5	-204.8	-204.8
17??0??0	1	78.8	-204.8	-204.8	-204.8	-204.8	27.5	-204.8	-204.8
17??0??0	1	79.4	-204.8	-204.8	-204.8	-204.8	27.5	-204.8	-204.8
17??0??0	1	80.4	-204.8	-204.8	-204.8	-204.8	27.5	-204.8	-204.8
17??0??0	1	81	-204.8	-204.8	-204.8	-204.8	27.5	-204.8	-204.8
17??0??0	1	81.5	-204.8	-204.8	-204.8	-204.8	27.5	-204.8	-204.8
17??0??0	1	82.1	-204.8	-204.8	-204.8	-204.8	27.5	-204.8	-204.8
17??0??0	1	82.6	-204.8	-204.8	-204.8	-204.8	27.5	-204.8	-204.8
17??0??0	1	83.1	-204.8	-204.8	-204.8	-204.8	27.4	-204.8	-204.8
17??0??1	1	83.7	-204.8	-204.8	-204.8	-204.8	27.4	-204.8	-204.8
17??0??1	1	84.8	-204.8	-204.8	-204.8	-204.8	27.4	-204.8	-204.8
17??0??1	1	85.4	-204.8	-204.8	-204.8	-204.8	27.3	-204.8	-204.8
17??0??1	1	86	-204.8	-204.8	-204.8	-204.8	27.3	-204.8	-204.8
17??0??1	1	86.7	-204.8	-204.8	-204.8	-204.8	27.3	-204.8	-204.8
17??0??1	1	87.3	-204.8	-204.8	-204.8	-204.8	27.3	-204.8	-204.8
17??0??1	1	87.9	-204.8	-204.8	-204.8	-204.8	27.2	-204.8	-204.8
17??0??1	1	88.4	-204.8	-204.8	-204.8	-204.8	27.2	-204.8	-204.8
17??0??1	1	89.4	-204.8	-204.8	-204.8	-204.8	27.2	-204.8	-204.8
17??0??2	1	89.9	-204.8	-204.8	-204.8	-204.8	27.2	-204.8	-204.8
17??0??2	1	90.4	-204.8	-204.8	-204.8	-204.8	27.2	-204.8	-204.8
17??0??2	1	90.9	-204.8	-204.8	-204.8	-204.8	27.1	-204.8	-204.8
17??0??2	1	91.4	-204.8	-204.8	-204.8	-204.8	27.1	-204.8	-204.8
17??0??2	1	91.9	-204.8	-204.8	-204.8	-204.8	27.1	-204.8	-204.8
17??0??2	1	92.4	-204.8	-204.8	-204.8	-204.8	27.1	-204.8	-204.8
17??0??2	1	92.9	-204.8	-204.8	-204.8	-204.8	27.1	-204.8	-204.8
17??0??2	1	94	-204.8	-204.8	-204.8	-204.8	27.1	-204.8	-204.8
17??0??2	1	94.6	-204.8	-204.8	-204.8	-204.8	27.1	-204.8	-204.8
17??0??2	1	95.2	-204.8	-204.8	-204.8	-204.8	27.1	-204.8	-204.8
17??0??3	1	95.7	-204.8	-204.8	-204.8	-204.8	27.1	-204.8	-204.8
17??0??3	1	96.2	-204.8	-204.8	-204.8	-204.8	27.1	-204.8	-204.8
17??0??3	1	96.7	-204.8	-204.8	-204.8	-204.8	27.1	-204.8	-204.8
17??0??3	1	97.2	-204.8	-204.8	-204.8	-204.8	27.1	-204.8	-204.8
17??0??3	1	98.2	-204.8	-204.8	-204.8	-204.8	27.1	-204.8	-204.8
17??0??3	1	98.7	-204.8	-204.8	-204.8	-204.8	27.1	-204.8	-204.8
17??0??3	1	99.2	-204.8	-204.8	-204.8	-204.8	27	-204.8	-204.8
17??0??3	1	99.8	-204.8	-204.8	-204.8	-204.8	27	-204.8	-204.8
17??0??3	1	100.2	-204.8	-204.8	-204.8	-204.8	27	-204.8	-204.8
17??0??4	1	100.7	-204.8	-204.8	-204.8	-204.8	27	-204.8	-204.8
17??0??4	1	101.2	-204.8	-204.8	-204.8	-204.8	27	-204.8	-204.8
17??0??4	1	102.1	-204.8	-204.8	-204.8	-204.8	27	-204.8	-204.8
17??0??4	1	102.6	-204.8	-204.8	-204.8	-204.8	27	-204.8	-204.8
17??0??4	1	103	-204.8	-204.8	-204.8	-204.8	27	-204.8	-204.8
17??0??4	1	103.5	-204.8	-204.8	-204.8	-204.8	27	-204.8	-204.8
17??0??4	1	103.9	-204.8	-204.8	-204.8	-204.8	27	-204.8	-204.8
17??0??4	1	104.4	-204.8	-204.8	-204.8	-204.8	27	-204.8	-204.8
17??0??4	1	104.8	-204.8	-204.8	-204.8	-204.8	27	-204.8	-204.8
17??0??5	1	105.4	-204.8	-204.8	-204.8	-204.8	27	-204.8	-204.8
17??0??5	1	106.5	-204.8	-204.8	-204.8	-204.8	27	-204.8	-204.8
17??0??5	1	107.1	-204.8	-204.8	-204.8	-204.8	27	-204.8	-204.8
17??0??5	1	107.6	-204.8	-204.8	-204.8	-204.8	27	-204.8	-204.8
17??0??5	1	108	-204.8	-204.8	-204.8	-204.8	27	-204.8	-204.8
17??0??5	1	108.5	-204.8	-204.8	-204.8	-204.8	27	-204.8	-204.8
17??0??5	1	109	-204.8	-204.8	-204.8	-204.8	27	-204.8	-204.8
17??0??5	1	109.4	-204.8	-204.8	-204.8	-204.8	27	-204.8	-204.8
17??0??5	1	109.6	-204.8	-204.8	-204.8	-204.8	27	-204.8	-204.8
17??0??5	1	109.4	-204.8	-204.8	-204.8	-204.8	26.9	-204.8	-204.8
17??1??0	1	109.1	-204.8	-204.8	-204.8	-204.8	26.9	-204.8	-204.8
17??1??0	1	108.7	-204.8	-204.8	-204.8	-204.8	26.9	-204.8	-204.8
17??1??0	1	108.4	-204.8	-204.8	-204.8	-204.8	26.9	-204.8	-204.8
17??1??0	1	108	-204.8	-204.8	-204.8	-204.8	26.9	-204.8	-204.8
17??1??0	1	107.5	-204.8	-204.8	-204.8	-204.8	26.9	-204.8	-204.8
17??1??0	1	106.4	-204.8	-204.8	-204.8	-204.8	26.9	-204.8	-204.8
17??1??0	1	105.8	-204.8	-204.8	-204.8	-204.8	26.9	-204.8	-204.8
17??1??0	1	105.2	-204.8	-204.8	-204.8	-204.8	26.9	-204.8	-204.8
17??1??0	1	104.6	-204.8	-204.8	-204.8	-204.8	26.9	-204.8	-204.8
17??1??1	1	104.1	-204.8	-204.8	-204.8	-204.8	26.9	-204.8	-204.8
17??1??1	1	103.5	-204.8	-204.8	-204.8	-204.8	26.9	-204.8	-204.8
17??1??1	1	102.9	-204.8	-204.8	-204.8	-204.8	26.9	-204.8	-204.8
17??1??1	1	102.4	-204.8	-204.8	-204.8	-204.8	26.9	-204.8	-204.8
17??1??1	1	101.3	-204.8	-204.8	-204.8	-204.8	26.9	-204.8	-204.8
17??1??1	1	100.7	-204.8	-204.8	-204.8	-204.8	26.9	-204.8	-204.8
17??1??1	1	100.2	-204.8	-204.8	-204.8	-204.8	26.9	-204.8	-204.8
17??1??1	1	99.5	-204.8	-204.8	-204.8	-204.8	26.9	-204.8	-204.8
17??1??1	1	98.9	-204.8	-204.8	-204.8	-204.8	26.9	-204.8	-204.8
17??1??2	1	98.3	-204.8	-204.8	-204.8	-204.8	26.9	-204.8	-204.8
17??1??2	1	97.7	-204.8	-204.8	-204.8	-204.8	26.9	-204.8	-204.8
17??1??2	1	96.7	-204.8	-204.8	-204.8	-204.8	26.9	-204.8	-204.8
17??1??2	1	96.2	-204.8	-204.8	-204.8	-204.8	26.9	-204.8	-204.8
17??1??2	1	95.7	-204.8	-204.8	-204.8	-204.8	26.9	-204.8	-204.8
17??1??2	1	95.2	-204.8	-204.8	-204.8	-204.8	26.9	-204.8	-204.8
17??1??2	1	94.6	-204.8	-204.8	-204.8	-204.8	26.9	-204.8	-204.8
17??1??2	1	94.1	-204.8	-204.8	-204.8	-204.8	26.9	-204.8	-204.8
17??1??2	1	93.5	-204.8	-204.8	-204.8	-204.8	26.9	-204.8	-204.8
17??1??3	1	92.3	-204.8	-204.8	-204.8	-204.8	26.9	-204.8	-204.8
17??1??3	1	91.6	-204.8	-204.8	-204.8	-204.8	26.9	-204.8	-204.8
17??1??3	1	91	-204.8	-204.8	-204.8	-204.8	26.9	-204.8	-204.8
17??1??3	1	90.4	-204.8	-204.8	-204.8	-204.8	26.9	-204.8	-204.8
17??1??3	1	89.8	-204.8	-204.8	-204.8	-204.8	26.9	-204.8	-204.8
17??1??3	1	89.2	-204.8	-204.8	-204.8	-204.8	26.9	-204.8	-204.8
17??1??3	1	88.6	-204.8	-204.8	-204.8	-204.8	26.9	-204.8	-204.8
17??1??3	1	87.5	-204.8	-204.8	-204.8	-204.8	26.9	-204.8	-204.8
17??1??3	1	87	-204.8	-204.8	-204.8	-204.8	26.9	-204.8	-204.8
17??1??3	1	86.6	-204.8	-204.8	-204.8	-204.8	26.9	-204.8	-204.8
17??1??4	1	86.2	-204.8	-204.8	-204.8	-204.8	26.9	-204.8	-204.8
17??1??4	1	85.7	-204.8	-204.8	-204.8	-204.8	26.9	-204.8	-204.8
17??1??4	1	85.3	-204.8	-204.8	-204.8	-204.8	26.9	-204.8	-204.8
17??1??4	1	84.8	-204.8	-204.8	-204.8	-204.8	26.9	-204.8	-204.8
17??1??4	1	84.3	-204.8	-204.8	-204.8	-204.8	26.9	-204.8	-204.8
17??1??4	1	83.3	-204.8	-204.8	-204.8	-204.8	26.9	-204.8	-204.8
17??1??4	1	82.8	-204.8	-204.8	-204.8	-204.8	26.9	-204.8	-204.8
17??1??4	1	82.2	-204.8	-204.8	-204.8	-204.8	26.9	-204.8	-204.8
17??1??4	1	81.7	-204.8	-204.8	-204.8	-204.8	26.9	-204.8	-204.8
17??1??5	1	81.3	-204.8	-204.8	-204.8	-204.8	26.9	-204.8	-204.8
17??1??5	1	80.8	-204.8	-204.8	-204.8	-204.8	26.9	-204.8	-204.8
17??1??5	1	80.4	-204.8	-204.8	-204.8	-204.8	26.9	-204.8	-204.8
17??1??5	1	79.4	-204.8	-204.8	-204.8	-204.8	26.9	-204.8	-204.8
17??1??5	1	79	-204.8	-204.8	-204.8	-204.8	26.9	-204.8	-204.8
17??1??5	1	78.5	-204.8	-204.8	-204.8	-204.8	26.9	-204.8	-204.8
17??1??5	1	78	-204.8	-204.8	-204.8	-204.8	26.9	-204.8	-204.8
17??1??5	1	77.5	-204.8	-204.8	-204.8	-204.8	26.9	-204.8	-204.8
17??1??5	1	77	-204.8	-204.8	-204.8	-204.8	26.9	-204.8	-204.8
17??2??0	1	76.4	-204.8	-204.8	-204.8	-204.8	26.9	-204.8	-204.8
17??2??0	1	75.5	-204.8	-204.8	-204.8	-204.8	26.9	-204.8	-204.8
17??2??0	1	75.1	-204.8	-204.8	-204.8	-204.8	26.9	-204.8	-204.8
17??2??0	1	74.7	-204.8	-204.8	-204.8	-204.8	26.9	-204.8	-204.8
17??2??0	1	74.3	-204.8	-204.8	-204.8	-204.8	26.9	-204.8	-204.8
17??2??0	1	74.1	-204.8	-204.8	-204.8	-204.8	26.9	-204.8	-204.8
17??2??0	1	74	-204.8	-204.8	-204.8	-204.8	26.9	-204.8	-204.8
17??2??0	1	74	-204.8	-204.8	-204.8	-204.8	26.9	-204.8	-204.8
17??2??0	1	74.3	-204.8	-204.8	-204.8	-204.8	26.9	-204.8	-204.8
17??2??0	1	74.5	-204.8	-204.8	-204.8	-204.8	26.9	-204.8	-204.8
17??2??1	1	74.9	-204.8	-204.8	-204.8	-204.8	26.9	-204.8	-204.8
17??2??1	1	75.2	-204.8	-204.8	-204.8	-204.8	26.9	-204.8	-204.8
17??2??1	1	75.5	-204.8	-204.8	-204.8	-204.8	26.9	-204.8	-204.8
17??2??1	1	75.9	-204.8	-204.8	-204.8	-204.8	26.9	-204.8	-204.8
17??2??1	1	76.3	-204.8	-204.8	-204.8	-204.8	26.9	-204.8	-204.8
17??2??1	1	76.8	-204.8	-204.8	-204.8	-204.8	26.9	-204.8	-204.8
17??2??1	1	77.8	-204.8	-204.8	-204.8	-204.8	26.9	-204.8	-204.8
17??2??1	1	78.4	-204.8	-204.8	-204.8	-204.8	26.9	-204.8	-204.8
17??2??1	1	78.9	-204.8	-204.8	-204.8	-204.8	26.9	-204.8	-204.8
17??2??2	1	79.3	-204.8	-204.8	-204.8	-204.8	26.9	-204.8	-204.8
17??2??2	1	79.8	-204.8	-204.8	-204.8	-204.8	26.9	-204.8	-204.8
17??2??2	1	80.3	-204.8	-204.8	-204.8	-204.8	26.9	-204.8	-204.8
17??2??2	1	80.8	-204.8	-204.8	-204.8	-204.8	26.9	-204.8	-204.8
17??2??2	1	81.8	-204.8	-204.8	-204.8	-204.8	26.9	-204.8	-204.8
17??2??2	1	82.3	-204.8	-204.8	-204.8	-204.8	26.9	-204.8	-204.8
17??2??2	1	82.9	-204.8	-204.8	-204.8	-204.8	26.9	-204.8	-204.8
17??2??2	1	83.5	-204.8	-204.8	-204.8	-204.8	26.9	-204.8	-204.8
17??2??2	1	84.1	-204.8	-204.8	-204.8	-204.8	26.9	-204.8	-204.8
17??2??3	1	84.6	-204.8	-204.8	-204.8	-204.8	26.9	-204.8	-204.8
17??2??3	1	85.2	-204.8	-204.8	-204.8	-204.8	26.9	-204.8	-204.8
17??2??3	1	86.4	-204.8	-204.8	-204.8	-204.8	26.9	-204.8	-204.8
17??2??3	1	87	-204.8	-204.8	-204.8	-204.8	26.9	-204.8	-204.8
17??2??3	1	87.5	-204.8	-204.8	-204.8	-204.8	26.9	-204.8	-204.8
17??2??3	1	88	-204.8	-204.8	-204.8	-204.8	26.9	-204.8	-204.8
17??2??3	1	88.6	-204.8	-204.8	-204.8	-204.8	26.9	-204.8	-204.8
17??2??3	1	89.3	-204.8	-204.8	-204.8	-204.8	26.9	-204.8	-204.8
17??2??3	1	89.8	-204.8	-204.8	-204.8	-204.8	26.9	-204.8	-204.8
17??2??4	1	90.3	-204.8	-204.8	-204.8	-204.8	26.9	-204.8	-204.8
17??2??4	1	91.4	-204.8	-204.8	-204.8	-204.8	26.9	-204.8	-204.8
17??2??4	1	92	-204.8	-204.8	-204.8	-204.8	26.9	-204.8	-204.8
17??2??4	1	92.5	-204.8	-204.8	-204.8	-204.8	26.9	-204.8	-204.8
17??2??4	1	93	-204.8	-204.8	-204.8	-204.8	26.9	-204.8	-204.8
17??2??4	1	93.5	-204.8	-204.8	-204.8	-204.8	26.9	-204.8	-204.8
17??2??4	1	94.1	-204.8	-204.8	-204.8	-204.8	26.9	-204.8	-204.8
17??2??4	1	94.6	-204.8	-204.8	-204.8	-204.8	26.9	-204.8	-204.8
17??2??4	1	95.7	-204.8	-204.8	-204.8	-204.8	26.9	-204.8	-204.8
17??2??4	1	96.2	-204.8	-204.8	-204.8	-204.8	26.9	-204.8	-204.8
17??2??5	1	96.7	-204.8	-204.8	-204.8	-204.8	26.8	-204.8	-204.8
17??2??5	1	97.3	-204.8	-204.8	-204.8	-204.8	26.8	-204.8	-204.8
17??2??5	1	97.8	-204.8	-204.8	-204.8	-204.8	26.8	-204.8	-204.8
17??2??5	1	98.2	-204.8	-204.8	-204.8	-204.8	26.8	-204.8	-204.8
17??2??5	1	98.7	-204.8	-204.8	-204.8	-204.8	26.8	-204.8	-204.8
17??2??5	1	99.8	-204.8	-204.8	-204.8	-204.8	26.8	-204.8	-204.8
17??2??5	1	100.4	-204.8	-204.8	-204.8	-204.8	26.8	-204.8	-204.8
17??2??5	1	100.9	-204.8	-204.8	-204.8	-204.8	26.8	-204.8	-204.8
17??2??5	1	101.4	-204.8	-204.8	-204.8	-204.8	26.8	-204.8	-204.8
17??3??0	1	102	-204.8	-204.8	-204.8	-204.8	26.8	-204.8	-204.8
17??3??0	1	102.5	-204.8	-204.8	-204.8	-204.8	26.8	-204.8	-204.8
17??3??0	1	103	-204.8	-204.8	-204.8	-204.8	26.8	-204.8	-204.8
17??3??0	1	103.9	-204.8	-204.8	-204.8	-204.8	26.8	-204.8	-204.8
17??3??0	1	104.3	-204.8	-204.8	-204.8	-204.8	26.8	-204.8	-204.8
17??3??0	1	104.9	-204.8	-204.8	-204.8	-204.8	26.8	-204.8	-204.8
17??3??0	1	105.4	-204.8	-204.8	-204.8	-204.8	26.9	-204.8	-204.8
17??3??0	1	105.9	-204.8	-204.8	-204.8	-204.8	26.8	-204.8	-204.8
17??3??0	1	106.4	-204.8	-204.8	-204.8	-204.8	26.9	-204.8	-204.8
17??3??1	1	106.9	-204.8	-204.8	-204.8	-204.8	26.9	-204.8	-204.8
17??3??1	1	107.3	-204.8	-204.8	-204.8	-204.8	26.9	-204.8	-204.8
17??3??1	1	108.1	-204.8	-204.8	-204.8	-204.8	26.8	-204.8	-204.8
17??3??1	1	108.5	-204.8	-204.8	-204.8	-204.8	26.8	-204.8	-204.8
17??3??1	1	108.8	-204.8	-204.8	-204.8	-204.8	26.9	-204.8	-204.8
17??3??1	1	109.2	-204.8	-204.8	-204.8	-204.8	26.9	-204.8	-204.8
17??3??1	1	109.6	-204.8	-204.8	-204.8	-204.8	26.8	-204.8	-204.8
17??3??1	1	109.8	-204.8	-204.8	-204.8	-204.8	26.8	-204.8	-204.8
17??3??1	1	109.8	-204.8	-204.8	-204.8	-204.8	26.9	-204.8	-204.8
17??3??1	1	109.3	-204.8	-204.8	-204.8	-204.8	26.8	-204.8	-204.8
17??3??2	1	109	-204.8	-204.8	-204.8	-204.8	26.8	-204.8	-204.8
17??3??2	1	108.6	-204.8	-204.8	-204.8	-204.8	26.8	-204.8	-204.8
17??3??2	1	108.2	-204.8	-204.8	-204.8	-204.8	26.8	-204.8	-204.8
17??3??2	1	107.8	-204.8	-204.8	-204.8	-204.8	26.8	-204.8	-204.8
17??3??2	1	107.3	-204.8	-204.8	-204.8	-204.8	26.8	-204.8	-204.8
17??3??2	1	106.8	-204.8	-204.8	-204.8	-204.8	26.8	-204.8	-204.8
17??3??2	1	105.8	-204.8	-204.8	-204.8	-204.8	26.8	-204.8	-204.8
17??3??2	1	105.2	-204.8	-204.8	-204.8	-204.8	26.8	-204.8	-204.8
17??3??2	1	104.6	-204.8	-204.8	-204.8	-204.8	26.8	-204.8	-204.8
17??3??3	1	104	-204.8	-204.8	-204.8	-204.8	26.8	-204.8	-204.8
17??3??3	1	103.5	-204.8	-204.8	-204.8	-204.8	26.8	-204.8	-204.8
17??3??3	1	102.9	-204.8	-204.8	-204.8	-204.8	26.8	-204.8	-204.8
17??3??3	1	102.3	-204.8	-204.8	-204.8	-204.8	26.8	-204.8	-204.8
17??3??3	1	101.1	-204.8	-204.8	-204.8	-204.8	26.8	-204.8	-204.8
17??3??3	1	100.6	-204.8	-204.8	-204.8	-204.8	26.8	-204.8	-204.8
17??3??3	1	100	-204.8	-204.8	-204.8	-204.8	26.8	-204.8	-204.8
17??3??3	1	99.4	-204.8	-204.8	-204.8	-204.8	26.8	-204.8	-204.8
17??3??3	1	98.8	-204.8	-204.8	-204.8	-204.8	26.8	-204.8	-204.8
17??3??4	1	98.3	-204.8	-204.8	-204.8	-204.8	26.8	-204.8	-204.8
17??3??4	1	97.8	-204.8	-204.8	-204.8	-204.8	26.8	-204.8	-204.8
17??3??4	1	97.3	-204.8	-204.8	-204.8	-204.8	26.8	-204.8	-204.8
17??3??4	1	96.3	-204.8	-204.8	-204.8	-204.8	26.8	-204.8	-204.8
17??3??4	1	95.8	-204.8	-204.8	-204.8	-204.8	26.8	-204.8	-204.8
17??3??4	1	95.2	-204.8	-204.8	-204.8	-204.8	26.8	-204.8	-204.8
17??3??4	1	94.6	-204.8	-204.8	-204.8	-204.8	26.8	-204.8	-204.8
17??3??4	1	93.9	-204.8	-204.8	-204.8	-204.8	26.8	-204.8	-204.8
17??3??4	1	93.3	-204.8	-204.8	-204.8	-204.8	26.8	-204.8	-204.8
17??3??5	1	92.7	-204.8	-204.8	-204.8	-204.8	26.8	-204.8	-204.8
17??3??5	1	91.6	-204.8	-204.8	-204.8	-204.8	26.8	-204.8	-204.8
17??3??5	1	91	-204.8	-204.8	-204.8	-204.8	26.8	-204.8	-204.8
17??3??5	1	90.4	-204.8	-204.8	-204.8	-204.8	26.8	-204.8	-204.8
17??3??5	1	89.8	-204.8	-204.8	-204.8	-204.8	26.8	-204.8	-204.8
17??3??5	1	89.3	-204.8	-204.8	-204.8	-204.8	26.8	-204.8	-204.8
17??3??5	1	88.8	-204.8	-204.8	-204.8	-204.8	26.8	-204.8	-204.8
17??3??5	1	88.3	-204.8	-204.8	-204.8	-204.8	26.8	-204.8	-204.8
17??3??5	1	87.3	-204.8	-204.8	-204.8	-204.8	26.8	-204.8	-204.8
17??3??5	1	86.8	-204.8	-204.8	-204.8	-204.8	26.8	-204.8	-204.8
17??4??0	1	86.3	-204.8	-204.8	-204.8	-204.8	26.8	-204.8	-204.8
17??4??0	1	85.8	-204.8	-204.8	-204.8	-204.8	26.9	-204.8	-204.8
17??4??0	1	85.3	-204.8	-204.8	-204.8	-204.8	26.9	-204.8	-204.8
17??4??0	1	84.8	-204.8	-204.8	-204.8	-204.8	26.9	-204.8	-204.8
17??4??0	1	84.3	-204.8	-204.8	-204.8	-204.8	26.9	-204.8	-204.8
17??4??0	1	83.4	-204.8	-204.8	-204.8	-204.8	26.9	-204.8	-204.8
17??4??0	1	82.9	-204.8	-204.8	-204.8	-204.8	26.9	-204.8	-204.8
17??4??0	1	82.3	-204.8	-204.8	-204.8	-204.8	26.9	-204.8	-204.8
17??4??0	1	81.7	-204.8	-204.8	-204.8	-204.8	26.9	-204.8	-204.8
17??4??1	1	81.2	-204.8	-204.8	-204.8	-204.8	26.9	-204.8	-204.8
17??4??1	1	80.7	-204.8	-204.8	-204.8	-204.8	26.9	-204.8	-204.8
17??4??1	1	80.1	-204.8	-204.8	-204.8	-204.8	26.9	-204.8	-204.8
17??4??1	1	79.6	-204.8	-204.8	-204.8	-204.8	26.9	-204.8	-204.8
17??4??1	1	78.7	-204.8	-204.8	-204.8	-204.8	26.9	-204.8	-204.8
17??4??1	1	78.2	-204.8	-204.8	-204.8	-204.8	26.9	-204.8	-204.8
17??4??1	1	77.7	-204.8	-204.8	-204.8	-204.8	26.9	-204.8	-204.8
17??4??1	1	77.2	-204.8	-204.8	-204.8	-204.8	26.9	-204.8	-204.8
17??4??1	1	76.8	-204.8	-204.8	-204.8	-204.8	26.9	-204.8	-204.8
17??4??2	1	76.3	-204.8	-204.8	-204.8	-204.8	26.9	-204.8	-204.8
17??4??2	1	75.8	-204.8	-204.8	-204.8	-204.8	26.9	-204.8	-204.8
17??4??2	1	75	-204.8	-204.8	-204.8	-204.8	26.9	-204.8	-204.8
17??4??2	1	74.5	-204.8	-204.8	-204.8	-204.8	26.9	-204.8	-204.8
17??4??2	1	74.1	-204.8	-204.8	-204.8	-204.8	26.9	-204.8	-204.8
17??4??2	1	73.8	-204.8	-204.8	-204.8	-204.8	26.9	-204.8	-204.8
17??4??2	1	73.7	-204.8	-204.8	-204.8	-204.8	26.9	-204.8	-204.8
17??4??2	1	73.8	-204.8	-204.8	-204.8	-204.8	26.9	-204.8	-204.8
17??4??2	1	73.9	-204.8	-204.8	-204.8	-204.8	26.9	-204.8	-204.8
17??4??2	1	74.4	-204.8	-204.8	-204.8	-204.8	26.9	-204.8	-204.8
17??4??3	1	74.7	-204.8	-204.8	-204.8	-204.8	26.9	-204.8	-204.8
